0 0.4515625 0.2546875 0.10390625 0.15625
0 0.796875 0.35078125 0.140625 0.190625
0 0.10859375 0.909375 0.2171875 0.18125
0 0.1203125 0.2703125 0.0796875 0.14921875
0 0.04609375 0.3171875 0.0921875 0.16171875
0 0.4 0.20703125 0.040625 0.1078125
0 0.5390625 0.146875 0.090625 0.13203125
0 0.48046875 0.18046875 0.059375 0.11328125
0 0.45859375 0.140625 0.04296875 0.08203125
0 0.65703125 0.01796875 0.04921875 0.0359375
0 0.17265625 0.1015625 0.05703125 0.0890625
0 0.10546875 0.15859375 0.06328125 0.1078125
0 0.071875 0.10234375 0.05 0.07734375