0 0.88671875 0.36953125 0.0765625 0.09609375
0 0.796875 0.43359375 0.084375 0.10546875
0 0.49609375 0.4296875 0.05859375 0.08671875
0 0.53828125 0.39765625 0.0609375 0.078125
0 0.2625 0.39296875 0.06171875 0.08671875
0 0.3234375 0.33046875 0.0453125 0.07265625
0 0.528125 0.30625 0.0359375 0.06484375
0 0.54453125 0.959375 0.1265625 0.08125
0 0.7515625 0.3953125 0.04375 0.07890625
0 0.8234375 0.378125 0.04375 0.06875
0 0.8078125 0.35078125 0.0328125 0.06875
0 0.95703125 0.221875 0.028125 0.05
0 0.9734375 0.24296875 0.02265625 0.04453125
0 0.98984375 0.23828125 0.0203125 0.04609375