0 0.32890625 0.84609375 0.1515625 0.28125
0 0.81484375 0.3609375 0.11328125 0.1421875
0 0.52734375 0.2875 0.0640625 0.10546875
0 0.603125 0.21796875 0.06640625 0.078125
0 0.6671875 0.07578125 0.01796875 0.040625
0 0.67578125 0.09140625 0.01484375 0.0359375
0 0.678125 0.09140625 0.02578125 0.04609375
0 0.49375 0.25703125 0.04453125 0.05546875
0 0.5484375 0.21875 0.0484375 0.08671875
0 0.24765625 0.340625 0.05625 0.1015625
0 0.29375 0.30390625 0.0515625 0.07265625
0 0.0546875 0.28046875 0.05390625 0.07265625
0 0.0140625 0.3703125 0.028125 0.09765625
0 0.26015625 0.17734375 0.03046875 0.040625