0 0.24921875 0.39453125 0.059375 0.08828125
0 0.3140625 0.325 0.04140625 0.06953125
0 0.48984375 0.43046875 0.06484375 0.09375
0 0.53515625 0.39609375 0.0515625 0.08828125
0 0.7484375 0.38359375 0.04375 0.0640625
0 0.79296875 0.43046875 0.08046875 0.1125
0 0.88046875 0.3671875 0.0734375 0.11640625
0 0.80546875 0.34609375 0.0390625 0.05625
0 0.82265625 0.36640625 0.04140625 0.06953125
0 0.953125 0.21328125 0.025 0.04140625
0 0.9625 0.234375 0.0234375 0.0375
0 0.98828125 0.234375 0.01796875 0.0375
0 0.98203125 0.215625 0.0203125 0.0265625
0 0.64609375 0.1734375 0.015625 0.028125