0 0.36328125 0.93046875 0.190625 0.1390625
0 0.96953125 0.5359375 0.0609375 0.2
0 0.72265625 0.3015625 0.0828125 0.1078125
0 0.62578125 0.37109375 0.07734375 0.11953125
0 0.015625 0.36484375 0.03046875 0.10234375
0 0.0671875 0.28515625 0.0578125 0.08515625
0 0.290625 0.39375 0.0734375 0.11953125
0 0.340625 0.35390625 0.06328125 0.1078125
0 0.5796875 0.3390625 0.05390625 0.07890625
0 0.66171875 0.31640625 0.05078125 0.09140625
0 0.64375 0.2875 0.04140625 0.05703125
0 0.4640625 0.10546875 0.01953125 0.04609375
0 0.80546875 0.1421875 0.03515625 0.05078125
0 0.8234375 0.15703125 0.03203125 0.05703125
0 0.840625 0.1625 0.028125 0.05546875
0 0.3265625 0.2515625 0.0578125 0.0734375
0 0.30703125 0.20625 0.04375 0.0734375