0 0.38046875 0.88984375 0.159375 0.2203125
0 0.37578125 0.64921875 0.07109375 0.11015625
0 0.496875 0.65234375 0.090625 0.1515625
0 0.8015625 0.39453125 0.0671875 0.0859375
0 0.6734375 0.48203125 0.05078125 0.08984375
0 0.58046875 0.45625 0.05078125 0.084375
0 0.25703125 0.33671875 0.04765625 0.0671875
0 0.59765625 0.3390625 0.046875 0.07109375
0 0.50625 0.33984375 0.040625 0.06171875
0 0.06953125 0.29765625 0.03515625 0.05703125
0 0.91328125 0.48984375 0.03984375 0.05625
0 0.91015625 0.3921875 0.034375 0.0515625
0 0.90234375 0.35390625 0.0296875 0.0515625
0 0.7671875 0.3328125 0.0375 0.05625