0 0.09375 0.3703125 0.09140625 0.11484375
0 0.20078125 0.44609375 0.1 0.12578125
0 0.5578125 0.44140625 0.0703125 0.10390625
0 0.5078125 0.403125 0.07265625 0.09296875
0 0.83515625 0.39765625 0.0734375 0.10390625
0 0.7625 0.32265625 0.05390625 0.08671875
0 0.51953125 0.29453125 0.04296875 0.07734375
0 0.2546875 0.40078125 0.0515625 0.09453125
0 0.16875 0.38046875 0.0515625 0.08203125
0 0.1875 0.34765625 0.0390625 0.08203125
0 0.01328125 0.1921875 0.0265625 0.0578125
0 0.003125 0.2171875 0.00546875 0.053125