0 0.5125 0.66640625 0.10625 0.16640625
0 0.2484375 0.86484375 0.10625 0.18125
0 0.45703125 0.5296875 0.07578125 0.11484375
0 0.55 0.52578125 0.0609375 0.0953125
0 0.7046875 0.2921875 0.03984375 0.05625
0 0.32421875 0.415625 0.03984375 0.0765625
0 0.2171875 0.3515625 0.05625 0.08203125
0 0.11875 0.42578125 0.04453125 0.05625
0 0.115625 0.353125 0.03359375 0.04765625
0 0.12578125 0.3140625 0.03125 0.0421875
0 0.2453125 0.29921875 0.03203125 0.0515625
0 0.40546875 0.3921875 0.04296875 0.065625
0 0.88125 0.24375 0.03125 0.03671875
0 0.4015625 0.303125 0.0453125 0.07109375