0 0.92109375 0.84609375 0.13984375 0.24140625
0 0.9640625 0.703125 0.07109375 0.15
0 0.853125 0.715625 0.07734375 0.11484375
0 0.940625 0.64921875 0.05703125 0.11484375
0 0.41640625 0.7453125 0.11484375 0.175
0 0.5 0.6703125 0.09140625 0.14609375
0 0.0484375 0.5890625 0.09609375 0.13359375
0 0.19453125 0.47890625 0.08046875 0.11484375
0 0.521875 0.47578125 0.0609375 0.08359375
0 0.6015625 0.4328125 0.04375 0.07109375
0 0.734375 0.29375 0.03046875 0.0484375
0 0.51953125 0.39609375 0.05703125 0.07265625
0 0.37109375 0.3484375 0.046875 0.0609375
0 0.409375 0.3296875 0.0328125 0.0484375
0 0.2328125 0.29921875 0.040625 0.0609375
0 0.3453125 0.271875 0.03359375 0.05390625