0 0.9515625 0.88671875 0.096875 0.2265625
0 0.47421875 0.68125 0.103125 0.1546875
0 0.29375 0.875 0.2 0.25
0 0.275 0.553125 0.1265625 0.2171875
0 0.371875 0.5859375 0.08984375 0.15078125
0 0.409375 0.5484375 0.0734375 0.14296875
0 0.35390625 0.22109375 0.03125 0.0515625
0 0.3328125 0.2390625 0.02578125 0.0609375
0 0.30078125 0.2421875 0.0421875 0.065625
0 0.290625 0.215625 0.03671875 0.0703125
0 0.86015625 0.4046875 0.06875 0.0890625
0 0.95859375 0.5078125 0.071875 0.115625
0 0.96640625 0.3953125 0.065625 0.0890625