0 0.38984375 0.91953125 0.18125 0.1609375
0 0.38515625 0.69140625 0.08125 0.125
0 0.52265625 0.69453125 0.10234375 0.171875
0 0.86875 0.40234375 0.07578125 0.09765625
0 0.72265625 0.50234375 0.0578125 0.10234375
0 0.61796875 0.47265625 0.0578125 0.09609375
0 0.25078125 0.3375 0.0546875 0.07578125
0 0.63671875 0.33984375 0.05390625 0.08046875
0 0.5328125 0.340625 0.04609375 0.06953125
0 0.0375 0.29296875 0.03984375 0.06484375
0 0.98671875 0.51015625 0.0265625 0.0640625
0 0.98671875 0.3984375 0.0265625 0.059375
0 0.9828125 0.35703125 0.03359375 0.05859375
0 0.8296875 0.3328125 0.0421875 0.06328125