0 0.371875 0.28046875 0.0796875 0.1203125
0 0.63671875 0.35390625 0.1078125 0.14609375
0 0.87890625 0.621875 0.159375 0.25703125
0 0.10546875 0.85703125 0.17578125 0.28515625
0 0.11796875 0.2921875 0.0609375 0.11484375
0 0.06015625 0.328125 0.07421875 0.12421875
0 0.33203125 0.24296875 0.03125 0.0828125
0 0.4390625 0.196875 0.06953125 0.1015625
0 0.39453125 0.22265625 0.0453125 0.08671875
0 0.37734375 0.1921875 0.0328125 0.06328125
0 0.5296875 0.08671875 0.03828125 0.05390625
0 0.51328125 0.0703125 0.03125 0.040625
0 0.2390625 0.0578125 0.02578125 0.03671875
0 0.1578125 0.1625 0.04375 0.06875
0 0.10703125 0.20625 0.0484375 0.0828125
0 0.08125 0.1625 0.03828125 0.059375