0 0.5703125 0.72734375 0.13125 0.2015625
0 0.475 0.5375 0.084375 0.128125
0 0.58359375 0.52890625 0.06953125 0.0921875
0 0.69921875 0.2546875 0.03828125 0.05
0 0.87734375 0.21484375 0.02890625 0.05546875
0 0.40390625 0.3734375 0.040625 0.06875
0 0.31796875 0.40859375 0.04375 0.08203125
0 0.19296875 0.33984375 0.05703125 0.0828125
0 0.08515625 0.92734375 0.1671875 0.1453125
0 0.2578125 0.9546875 0.14765625 0.090625
0 0.0921875 0.30078125 0.03125 0.05
0 0.22109375 0.28125 0.0359375 0.059375
0 0.38203125 0.2765625 0.04375 0.06875