0 0.7875 0.84296875 0.10625 0.18359375
0 0.90234375 0.73984375 0.09765625 0.1421875
0 0.82421875 0.73515625 0.05859375 0.11484375
0 0.7359375 0.74375 0.05859375 0.08671875
0 0.803125 0.69375 0.04375 0.08671875
0 0.97734375 0.534375 0.04140625 0.06328125
0 0.9875 0.5546875 0.0203125 0.040625
0 0.4046875 0.76640625 0.08671875 0.1328125
0 0.46796875 0.709375 0.06953125 0.1109375
0 0.1234375 0.64921875 0.07734375 0.1015625
0 0.2359375 0.5640625 0.0609375 0.08671875
0 0.484375 0.56171875 0.04609375 0.06328125
0 0.5453125 0.5296875 0.0328125 0.05390625
0 0.64609375 0.4234375 0.02265625 0.03671875
0 0.4828125 0.50078125 0.04375 0.05546875
0 0.3703125 0.46484375 0.03515625 0.04609375
0 0.39921875 0.45078125 0.025 0.03671875
0 0.265625 0.428125 0.03125 0.04609375
0 0.35078125 0.40703125 0.02578125 0.040625