0 0.3859375 0.88515625 0.15 0.2296875
0 0.88984375 0.46484375 0.11875 0.1515625
0 0.59296875 0.3484375 0.06640625 0.09609375
0 0.32109375 0.38359375 0.059375 0.0921875
0 0.06953125 0.38359375 0.0609375 0.1109375
0 0.140625 0.31484375 0.05390625 0.07265625
0 0.671875 0.29375 0.0640625 0.08828125
0 0.62265625 0.30703125 0.0484375 0.06875
0 0.56328125 0.3171875 0.04375 0.059375
0 0.36640625 0.346875 0.0515625 0.06328125
0 0.73515625 0.16640625 0.02578125 0.04609375
0 0.74921875 0.17578125 0.01875 0.0359375
0 0.76015625 0.1734375 0.028125 0.040625