0 0.4609375 0.8765625 0.15703125 0.246875
0 0.1765625 0.2921875 0.06875 0.1046875
0 0.24453125 0.228125 0.05546875 0.09296875
0 0.428125 0.334375 0.06328125 0.11875
0 0.475 0.30390625 0.0578125 0.0890625
0 0.72890625 0.325 0.0765625 0.11875
0 0.82578125 0.27265625 0.08203125 0.11328125
0 0.7625 0.275 0.0546875 0.090625
0 0.690625 0.2890625 0.05 0.07890625
0 0.9140625 0.12421875 0.0390625 0.05390625
0 0.5203125 0.1734375 0.046875 0.05390625
0 0.45 0.15625 0.0359375 0.059375
0 0.38828125 0.20625 0.03359375 0.059375