0 0.628125 0.88828125 0.1546875 0.2234375
0 0.63203125 0.65078125 0.06953125 0.10703125
0 0.51484375 0.653125 0.0875 0.14609375
0 0.21953125 0.40390625 0.06484375 0.0828125
0 0.34375 0.4890625 0.04921875 0.08671875
0 0.43359375 0.4640625 0.04921875 0.08203125
0 0.746875 0.3484375 0.04609375 0.06484375
0 0.4171875 0.35078125 0.0453125 0.06875
0 0.50625 0.3515625 0.0390625 0.059375
0 0.9296875 0.3109375 0.03359375 0.05546875
0 0.1109375 0.49609375 0.03828125 0.05390625
0 0.1140625 0.40234375 0.0328125 0.05
0 0.121875 0.365625 0.02890625 0.05
0 0.25234375 0.34453125 0.0359375 0.05390625