0 0.40859375 0.915625 0.17265625 0.16875
0 0.96484375 0.5359375 0.0703125 0.18125
0 0.73359375 0.321875 0.075 0.0984375
0 0.64609375 0.38515625 0.06953125 0.10859375
0 0.07109375 0.38125 0.07265625 0.0921875
0 0.13984375 0.30703125 0.05234375 0.07734375
0 0.3421875 0.40625 0.06640625 0.10859375
0 0.3875 0.36953125 0.05703125 0.0984375
0 0.6046875 0.35625 0.04921875 0.07109375
0 0.678125 0.33515625 0.04609375 0.08359375
0 0.6625 0.309375 0.0375 0.05234375
0 0.49921875 0.14375 0.0171875 0.04140625
0 0.809375 0.1765625 0.03125 0.04609375
0 0.825 0.190625 0.02890625 0.05234375
0 0.84140625 0.1953125 0.02578125 0.05078125
0 0.375 0.2765625 0.05234375 0.0671875
0 0.35703125 0.23515625 0.03984375 0.0671875