0 0.35703125 0.8640625 0.175 0.271875
0 0.91640625 0.3328125 0.13046875 0.1640625
0 0.5859375 0.2484375 0.0734375 0.12109375
0 0.67265625 0.16875 0.0765625 0.08984375
0 0.74609375 0.01328125 0.0203125 0.0265625
0 0.75625 0.02265625 0.0171875 0.040625
0 0.75859375 0.02421875 0.0296875 0.0484375
0 0.546875 0.21328125 0.05078125 0.0640625
0 0.609375 0.16953125 0.05625 0.1
0 0.2640625 0.309375 0.0640625 0.1171875
0 0.31796875 0.2671875 0.059375 0.08359375
0 0.04296875 0.23984375 0.06171875 0.08359375
0 0.00546875 0.3421875 0.0109375 0.11171875
0 0.27890625 0.121875 0.034375 0.046875