0 0.83125 0.9078125 0.1625 0.184375
0 0.5078125 0.58515625 0.0671875 0.1015625
0 0.45390625 0.60234375 0.04609375 0.0921875
0 0.4359375 0.56875 0.03515625 0.078125
0 0.38125 0.63515625 0.05703125 0.0828125
0 0.41875 0.69140625 0.08046875 0.13828125
0 0.11484375 0.6703125 0.08046875 0.11484375
0 0.05 0.75546875 0.08984375 0.16640625
0 0.11796875 0.5265625 0.05078125 0.059375
0 0.1109375 0.4671875 0.0453125 0.06953125
0 0.190625 0.48359375 0.04140625 0.05390625
0 0.56953125 0.415625 0.025 0.040625
0 0.5796875 0.43046875 0.0203125 0.040625
0 0.59296875 0.43828125 0.02578125 0.040625