0 0.8953125 0.45625 0.0703125 0.10390625
0 0.81875 0.37421875 0.04921875 0.08203125
0 0.6109375 0.4984375 0.0765625 0.11015625
0 0.55703125 0.4578125 0.0609375 0.10390625
0 0.3046875 0.44375 0.05234375 0.07578125
0 0.2515625 0.4984375 0.0953125 0.1328125
0 0.1484375 0.4234375 0.08671875 0.1375
0 0.23671875 0.39921875 0.04609375 0.06640625
0 0.2171875 0.42265625 0.0484375 0.08203125
0 0.0625 0.2421875 0.0296875 0.04921875
0 0.05078125 0.26640625 0.02734375 0.04453125
0 0.0203125 0.26640625 0.02109375 0.04453125
0 0.028125 0.24453125 0.02421875 0.03125
0 0.4265625 0.1953125 0.01875 0.0328125