0 0.709375 0.8609375 0.165625 0.27734375
0 0.18046875 0.34921875 0.1234375 0.1546875
0 0.49296875 0.26875 0.06953125 0.11484375
0 0.4109375 0.19375 0.071875 0.084375
0 0.34140625 0.0390625 0.01953125 0.04453125
0 0.33203125 0.05625 0.01640625 0.0390625
0 0.32890625 0.05625 0.028125 0.05
0 0.5296875 0.2359375 0.0484375 0.06015625
0 0.4703125 0.19453125 0.053125 0.09453125
0 0.79765625 0.32734375 0.0609375 0.11015625
0 0.746875 0.28671875 0.05625 0.07890625
0 0.9890625 0.26015625 0.021875 0.08046875
0 0.78359375 0.14921875 0.0328125 0.04453125