0 0.33046875 0.90078125 0.16328125 0.19765625
0 0.8828125 0.465625 0.13046875 0.1671875
0 0.55703125 0.33828125 0.07265625 0.10625
0 0.2578125 0.3765625 0.065625 0.1015625
0 0.0078125 0.37578125 0.015625 0.1234375
0 0.059375 0.3 0.059375 0.0796875
0 0.64375 0.2765625 0.0703125 0.09765625
0 0.58984375 0.2921875 0.053125 0.07578125
0 0.52421875 0.303125 0.04765625 0.065625
0 0.3078125 0.3359375 0.05703125 0.06953125
0 0.71328125 0.1375 0.028125 0.05078125
0 0.728125 0.14765625 0.0203125 0.0390625
0 0.73984375 0.14453125 0.03046875 0.0453125