0 0.24765625 0.39140625 0.05859375 0.08671875
0 0.31171875 0.3234375 0.04140625 0.06875
0 0.48515625 0.42734375 0.0640625 0.0921875
0 0.53046875 0.39296875 0.05078125 0.08671875
0 0.74140625 0.38125 0.04375 0.06328125
0 0.78515625 0.42734375 0.0796875 0.1109375
0 0.87109375 0.36484375 0.071875 0.11484375
0 0.79765625 0.34375 0.03828125 0.05546875
0 0.8140625 0.3640625 0.040625 0.06875
0 0.94375 0.21328125 0.025 0.040625
0 0.95234375 0.23359375 0.02265625 0.03671875
0 0.978125 0.23359375 0.01796875 0.03671875
0 0.971875 0.21484375 0.01953125 0.0265625
0 0.6390625 0.1734375 0.015625 0.02734375