0 0.5109375 0.64609375 0.103125 0.1609375
0 0.2546875 0.83828125 0.103125 0.175
0 0.45703125 0.5140625 0.0734375 0.1109375
0 0.54765625 0.51015625 0.05859375 0.0921875
0 0.696875 0.284375 0.03828125 0.05390625
0 0.32890625 0.403125 0.03828125 0.07421875
0 0.225 0.34140625 0.0546875 0.07890625
0 0.1296875 0.41328125 0.04375 0.05390625
0 0.12578125 0.34375 0.0328125 0.04609375
0 0.1359375 0.30546875 0.03046875 0.040625
0 0.25234375 0.29140625 0.03125 0.05
0 0.40703125 0.38125 0.04140625 0.06328125
0 0.86875 0.23828125 0.03046875 0.0359375
0 0.403125 0.2953125 0.04453125 0.06875