0 0.696875 0.27109375 0.09140625 0.13828125
0 0.39296875 0.35625 0.1234375 0.16875
0 0.1140625 0.6640625 0.1828125 0.29609375
0 0.9515625 0.884375 0.09609375 0.23046875
0 0.97734375 0.2828125 0.0453125 0.13125
0 0.74296875 0.22890625 0.0359375 0.0953125
0 0.61953125 0.17578125 0.0796875 0.1171875
0 0.671875 0.20546875 0.05234375 0.1
0 0.690625 0.1703125 0.03828125 0.07265625
0 0.515625 0.0484375 0.04375 0.0625
0 0.53515625 0.03046875 0.0359375 0.046875
0 0.85078125 0.01796875 0.0296875 0.0359375
0 0.94296875 0.1359375 0.05 0.07890625
0 0.9875 0.18515625 0.025 0.0953125