0 0.54375 0.90390625 0.175 0.1921875
0 0.8609375 0.28828125 0.07734375 0.11796875
0 0.78515625 0.2171875 0.0625 0.10546875
0 0.5796875 0.33671875 0.07109375 0.13359375
0 0.5265625 0.30234375 0.06484375 0.10078125
0 0.24140625 0.325 0.0859375 0.13359375
0 0.1328125 0.26640625 0.0921875 0.12734375
0 0.20390625 0.26953125 0.0609375 0.10234375
0 0.28515625 0.28515625 0.05625 0.0890625
0 0.03359375 0.09921875 0.04375 0.0609375
0 0.47578125 0.1546875 0.05234375 0.0609375
0 0.5546875 0.13515625 0.03984375 0.0671875
0 0.6234375 0.19140625 0.0375 0.0671875