0 0.43828125 0.90078125 0.15234375 0.1984375
0 0.95 0.5390625 0.1 0.159375
0 0.72578125 0.35078125 0.06640625 0.08671875
0 0.6484375 0.40703125 0.06171875 0.09609375
0 0.13828125 0.403125 0.0640625 0.08203125
0 0.19921875 0.3375 0.04609375 0.06875
0 0.37890625 0.425 0.05859375 0.09609375
0 0.41875 0.39296875 0.05078125 0.08671875
0 0.61171875 0.38125 0.04375 0.06328125
0 0.67734375 0.3625 0.040625 0.07421875
0 0.66328125 0.33984375 0.0328125 0.04609375
0 0.51875 0.1921875 0.015625 0.03671875
0 0.79296875 0.221875 0.028125 0.040625
0 0.80703125 0.234375 0.02578125 0.04609375
0 0.82109375 0.23828125 0.02265625 0.04453125
0 0.4078125 0.31015625 0.04609375 0.059375
0 0.3921875 0.2734375 0.03515625 0.059375