0 0.58671875 0.7515625 0.13671875 0.209375
0 0.4875 0.55390625 0.08828125 0.1328125
0 0.60078125 0.5453125 0.071875 0.09609375
0 0.72109375 0.26015625 0.03984375 0.05234375
0 0.90546875 0.21875 0.0296875 0.0578125
0 0.4140625 0.38359375 0.0421875 0.07109375
0 0.32421875 0.4203125 0.0453125 0.08515625
0 0.19453125 0.3484375 0.05859375 0.08671875
0 0.084375 0.94140625 0.16875 0.1171875
0 0.26171875 0.9703125 0.153125 0.059375
0 0.08984375 0.3078125 0.03203125 0.05234375
0 0.2234375 0.28828125 0.0375 0.06171875
0 0.390625 0.28359375 0.0453125 0.07109375