0 0.16953125 0.9140625 0.1671875 0.171875
0 0.5046875 0.590625 0.06953125 0.10546875
0 0.56015625 0.60859375 0.0484375 0.09609375
0 0.57890625 0.57421875 0.03671875 0.08125
0 0.63515625 0.6421875 0.05859375 0.08671875
0 0.59609375 0.7015625 0.08359375 0.14375
0 0.9125 0.6796875 0.08359375 0.11953125
0 0.9671875 0.76640625 0.065625 0.1734375
0 0.90859375 0.5296875 0.053125 0.06171875
0 0.91640625 0.46796875 0.04765625 0.07265625
0 0.83359375 0.48515625 0.04296875 0.05625
0 0.43984375 0.41484375 0.02578125 0.0421875
0 0.42890625 0.4296875 0.02109375 0.0421875
0 0.415625 0.43828125 0.0265625 0.0421875