0 0.05234375 0.8796875 0.1046875 0.23125
0 0.52421875 0.6734375 0.10078125 0.1515625
0 0.70078125 0.8703125 0.19609375 0.259375
0 0.71953125 0.54765625 0.1234375 0.2125
0 0.62421875 0.58046875 0.0875 0.14765625
0 0.5875 0.54296875 0.071875 0.13984375
0 0.6421875 0.22265625 0.03125 0.05
0 0.6625 0.240625 0.025 0.059375
0 0.69375 0.24296875 0.04140625 0.06484375
0 0.703125 0.2171875 0.0359375 0.06875
0 0.14609375 0.40234375 0.0671875 0.08671875
0 0.05 0.50390625 0.0703125 0.11328125
0 0.0421875 0.39296875 0.0640625 0.08671875