0 0.171875 0.88671875 0.2 0.22578125
0 0.746875 0.31640625 0.13203125 0.18046875
0 0.9765625 0.64453125 0.04609375 0.3140625
0 0.415625 0.23671875 0.0703125 0.11015625
0 0.5046875 0.14921875 0.0703125 0.09765625
0 0.08515625 0.3203125 0.08828125 0.10390625
0 0.13515625 0.2765625 0.0609375 0.09296875
0 0.37421875 0.2078125 0.0421875 0.0640625
0 0.45234375 0.178125 0.03359375 0.0703125
0 0.4359375 0.15078125 0.03671875 0.059375
0 0.58203125 0.0078125 0.0296875 0.01484375
0 0.603125 0.01484375 0.03125 0.0296875