0 0.4828125 0.8609375 0.146875 0.27734375
0 0.21796875 0.29140625 0.0640625 0.09765625
0 0.28046875 0.23203125 0.0515625 0.08671875
0 0.4515625 0.33125 0.05859375 0.1109375
0 0.4953125 0.30234375 0.05390625 0.0828125
0 0.73203125 0.321875 0.071875 0.1109375
0 0.82265625 0.27265625 0.0765625 0.10546875
0 0.76328125 0.27578125 0.05078125 0.084375
0 0.69609375 0.2890625 0.04609375 0.07421875
0 0.9046875 0.134375 0.0359375 0.05
0 0.5375 0.18046875 0.04375 0.05
0 0.471875 0.16484375 0.0328125 0.05546875
0 0.41484375 0.2109375 0.03125 0.05546875