0 0.77265625 0.8796875 0.12265625 0.21171875
0 0.9046875 0.76015625 0.11328125 0.16484375
0 0.8140625 0.7546875 0.06796875 0.1328125
0 0.71328125 0.76484375 0.06796875 0.10078125
0 0.78984375 0.70703125 0.05 0.10078125
0 0.98359375 0.521875 0.0328125 0.0734375
0 0.9953125 0.5453125 0.009375 0.04609375
0 0.3296875 0.79140625 0.10078125 0.15390625
0 0.403125 0.725 0.0796875 0.128125
0 0.02421875 0.65390625 0.0484375 0.1171875
0 0.13515625 0.55703125 0.0703125 0.10078125
0 0.421875 0.55390625 0.05390625 0.0734375
0 0.4921875 0.5171875 0.03828125 0.0625
0 0.60859375 0.39453125 0.0265625 0.04296875
0 0.4203125 0.484375 0.05 0.0640625
0 0.28984375 0.4421875 0.040625 0.053125
0 0.32421875 0.4265625 0.02890625 0.04296875
0 0.16875 0.39921875 0.0359375 0.053125
0 0.2671875 0.375 0.0296875 0.04765625