0 0.82109375 0.95390625 0.1890625 0.09140625
0 0.4421875 0.6390625 0.07890625 0.11875
0 0.3796875 0.66015625 0.0546875 0.10859375
0 0.35859375 0.6203125 0.04140625 0.09140625
0 0.29453125 0.69765625 0.06640625 0.09765625
0 0.3390625 0.7640625 0.09375 0.1625
0 0.01484375 0.7390625 0.02890625 0.1359375
0 0.0078125 0.56953125 0.01484375 0.06953125
0 0.071875 0.5203125 0.0484375 0.06328125
0 0.515625 0.44140625 0.0296875 0.04765625
0 0.52734375 0.4578125 0.02421875 0.04765625
0 0.5421875 0.4671875 0.03046875 0.04765625